2
3
1
4
5
6
7
8
9
10
11
12
13
14
15
16
17
18
19
20
21
22
23
24
25
27
26
28
29
30
31
32
33
34
35
36
37
38
39
40
41
42
43
44
45
46
47
48
49
50
51
52
53
54
55
56
57
58
59
60
61
62
63
64
65
66
67
68
69
70
71
72
73
74
75
76
77
78
79
80
81
82
83
84
85
86
87
88
89
90
91
92
93
94
95
96
97
98
99
100
101
102
103
105
106
107
108
104
110
112
113
114
115
116
117
118
119
120
109
124
122
121
125
129
131
127
128
130
134
138
111
144
145
141
148
149
152
140
155
142
158
157
161
139
165
137
168
136
171
159
174
177
179
172
170
132
183
185
126
166
123
188
193
184
196
198
199
200
201
202
186
205
133
135
181
182
203
187
189
190
169
167
225
173
228
229
230
231
232
233
234
235
236
237
238
239
240
241
242
243
244
245
246
247
248
249
250
251
252
253
254
255
256
257
258
163
261
262
176
265
266
267
269
271
272
175
274
276
278
279
280
281
282
283
284
285
178
180
277
287
291
292
293
294
295
296
297
298
299
300
301
302
303
304
305
306
307
308
309
310
311
312
314
313
316
317
318
319
320
321
322
323
324
325
326
327
328
329
330
331
332
333
334
335
336
337
338
339
340
341
342
343
344
345
346
347
348
349
350
351
352
353
355
357
358
359
360
361
273
363
365
366
162
160
370
371
372
373
374
375
376
377
378
379
380
381
382
383
384
385
386
387
388
389
390
391
392
393
394
395
396
397
398
399
400
401
402
403
404
405
406
407
408
409
410
411
412
413
414
415
416
417
418
419
420
421
422
423
424
425
426
427
428
429
430
431
432
433
434
435
436
437
438
439
440
441
442
443
444
445
446
447
448
449
450
451
452
453
454
455
456
457
458
459
460
461
462
463
464
465
466
467
468
259
470
472
473
260
475
476
227
153
164
484
487
151
489
491
224
493
490
483
501
154
147
503
478
156
509
471
511
508
514
515
507
518
469
521
522
523
369
364
502
530
531
500
367
535
499
538
356
541
497
543
545
539
496
549
550
552
553
554
555
556
557
558
559
560
561
536
564
534
495
569
533
492
488
532
575
578
580
581
528
485
583
584
526
482
588
524
520
594
596
480
598
505
601
602
517
479
477
609
510
611
613
614
474
512
362
143
618
621
506
504
146
289
625
150
494
288
626
286
290
623
315
354
635
368
615
226
223
222
610
220
607
604
218
646
217
600
597
214
593
213
481
211
210
656
590
589
587
586
582
662
486
576
665
666
667
567
565
566
663
672
563
562
658
654
547
546
678
544
681
645
498
640
642
683
648
649
636
680
650
675
631
657
660
627
671
669
192
622
668
620
191
617
705
195
664
194
606
197
661
605
204
206
207
659
595
208
592
209
655
591
212
585
653
574
652
651
215
573
216
570
647
219
644
643
542
540
739
529
221
527
641
264
263
513
634
748
268
745
270
742
275
740
630
737
757
738
759
741
743
749
750
729
747
746
516
519
525
721
719
744
537
708
548
551
735
568
733
571
700
730
699
572
728
695
577
694
579
789
791
724
692
722
720
718
717
684
679
599
714
713
674
603
711
806
710
805
709
803
608
802
801
612
616
798
619
698
790
697
624
628
785
629
693
783
827
633
632
781
689
779
637
638
774
688
639
838
771
840
686
769
843
685
766
765
845
848
849
839
773
837
836
753
754
835
776
751
858
857
856
777
778
832
782
852
851
828
784
786
787
796
819
830
817
829
816
799
815
822
813
821
820
811
810
808
807
670
673
890
885
884
804
676
883
677
800
682
878
900
687
877
903
876
873
870
691
797
690
795
794
793
792
788
696
780
910
701
909
702
704
703
923
904
706
707
775
896
712
895
893
715
930
716
934
926
772
770
723
767
768
942
943
941
725
726
935
948
949
933
727
731
764
732
734
762
736
760
758
960
959
958
957
956
952
951
955
953
954
944
946
950
947
936
937
945
916
917
918
940
920
939
922
924
938
925
927
931
932
891
929
897
928
898
899
901
997
902
905
906
908
921
919
912
913
914
915
859
860
861
863
864
911
865
867
868
907
869
879
880
882
894
892
886
889
887
888
809
812
814
818
881
823
824
825
826
875
831
874
833
834
872
841
871
842
844
846
847
866
853
1051
1052
1053
1054
1055
854
855
862
752
756
755
761
850
1064
1065
1066
763
1068
1067
1063
1062
1061
1060
1074
1059
1058
1076
1057
1079
1056
1050
1049
1048
1047
1046
1086
1087
1088
1089
1045
1044
1043
1042
1041
1040
1039
1038
1037
1036
1035
1034
1033
1032
1031
1030
1029
1028
1027
1026
1025
1024
1023
1113
1022
1021
1020
1019
1018
1017
1016
1015
1014
1013
1124
1012
1011
1010
1128
1129
1009
1008
1007
1006
1134
1135
1136
1137
1138
1005
1004
1141
1003
1143
1002
1001
1146
1147
1000
1149
1150
999
998
1153
996
1154
995
994
993
992
991
990
1162
1163
1164
989
1165
988
987
1167
986
985
984
983
982
1168
1176
1174
1178
1179
981
980
1173
1183
1184
979
978
1185
977
1171
1169
976
975
974
973
1182
972
1177
1197
971
1195
970
1193
969
968
967
1202
966
1208
1209
965
964
1198
963
962
1206
1205
1216
961
1214
1215
1213
1218
1210
1211
1212
1199
1200
1207
1204
1192
1203
1231
1201
1233
1196
1236
1186
1235
1188
1239
1241
1242
1243
1194
1238
1189
1190
1191
1245
1250
1187
1172
1251
1181
1180
1249
1247
1175
1256
1255
1253
1170
1166
1160
1260
1158
1161
1159
1268
1157
1156
1155
1152
1151
1275
1148
1145
1277
1144
1142
1140
1139
1283
1133
1285
1132
1131
1288
1289
1290
1291
1292
1293
1294
1295
1296
1297
1298
1299
1300
1301
1302
1303
1304
1305
1306
1307
1308
1130
1127
1311
1126
1125
1123
1122
1121
1120
1317
1119
1118
1117
1116
1323
1324
1115
1326
1327
1114
1112
1329
1330
1332
1111
1331
1110
1109
1333
1108
1107
1338
1106
1105
1342
1344
1343
1104
1345
1347
1103
1102
1352
1351
1101
1350
1355
1100
1099
1098
1097
1096
1361
1095
1094
1093
1092
1091
1090
1085
1084
1370
1371
1372
1373
1374
1375
1376
1377
1378
1083
1380
1381
1082
1383
1081
1384
1080
1386
1385
1390
1078
1077
1387
1393
1394
1395
1396
1398
1075
1073
1389
1400
1072
1397
1071
1403
1406
1070
1408
1069
1401
1409
1411
1414
1415
1416
1417
1418
1419
1420
1404
1407
1402
1399
1424
1425
1422
1428
1391
1429
1430
1432
1392
1405
1435
1388
1382
1437
1379
1439
1369
1368
1442
1444
1445
1423
1446
1447
1367
1366
1421
1365
1364
1453
1363
1454
1362
1360
1359
1358
1357
1455
1462
1452
1464
1465
1356
1450
1441
1354
1353
1471
1472
1348
1349
1346
1341
1340
1335
1336
1459
1339
1482
1483
1480
1337
1485
1334
1487
1328
1325
1476
1474
1322
1321
1320
1495
1497
1319
1490
1318
1488
1486
1502
1503
1504
1316
1315
1507
1314
1484
1510
1512
1511
1514
1515
1516
1517
1518
1519
1313
1312
1310
1508
1505
1525
1501
1309
1499
1287
1286
1521
1284
1532
1282
1513
1536
1537
1538
1281
1533
1280
1541
1531
1544
1545
1546
1547
1548
1279
1549
1278
1276
1551
1554
1271
1263
1274
1265
1273
1560
1264
1272
1267
1270
1539
1565
1566
1567
1568
1569
1570
1564
1269
1562
1258
1259
1558
1266
1556
1262
1261
1257
1583
1248
1254
1576
1252
1587
1575
1244
1574
1246
1240
1571
1594
1595
1596
1597
1237
1234
1232
1592
1603
1604
1228
1591
1229
1607
1230
1610
1224
1589
1227
1226
1588
1616
1617
1618
1619
1620
1217
1219
1225
1582
1624
1220
1626
1221
1629
1223
1621
1222
1632
1614
1622
1609
1625
1608
1639
1585
1641
1605
1642
1623
1615
1644
1613
1611
1590
1606
1645
1601
1602
1637
1593
1636
1631
1599
1628
1598
1572
1627
1586
1584
1578
1579
1580
1553
1581
1670
1577
1655
1561
1656
1563
1573
1651
1540
1542
1559
1649
1650
1683
1684
1685
1686
1687
1688
1543
1550
1557
1555
1552
1694
1529
1530
1677
1674
1534
1535
1672
1522
1526
1527
1669
1706
1707
1708
1709
1711
1712
1528
1524
1523
1509
1520
1717
1506
1489
1500
1716
1491
1714
1494
1725
1498
1713
1496
1710
1704
1703
1732
1470
1701
1493
1492
1477
1481
1460
1695
1461
1479
1693
1463
1478
1466
1692
1473
1475
1468
1750
1469
1753
1754
1755
1756
1467
1741
1739
1760
1458
1738
1456
1412
1737
1766
1413
1457
1735
1451
1771
1772
1773
1449
1734
1448
1730
1443
1779
1780
1440
1729
1427
1727
1438
1786
1787
1723
1789
1790
1436
1433
1793
1791
1795
1434
1797
1431
1426
1800
1410
1801
1799
1798
1783
1781
1807
1785
1777
1792
1776
1775
1722
1813
1774
1816
1726
1788
1769
1782
1778
1733
1765
1770
1736
1768
1827
1761
1764
1759
1742
1744
1833
1752
1745
1746
1747
1838
1748
1743
1841
1696
1843
1740
1697
1698
1847
1835
1849
1700
1731
1728
1853
1724
1715
1825
1824
1858
1721
1719
1720
1664
1665
1718
1666
1866
1867
1667
1868
1668
1705
1810
1671
1702
1673
1699
1679
1682
1681
1690
1881
1691
1648
1689
1680
1886
1678
1872
1871
1890
1676
1865
1653
1863
1675
1657
1658
1659
1660
1900
1661
1852
1663
1662
1630
1633
1638
1654
1643
1907
1652
1647
1646
1600
1640
1916
1612
1918
1634
1635
1896
1893
1920
1897
1889
1926
1927
1898
1899
1901
1903
1913
1912
1906
1932
1909
1937
1938
1939
1940
1908
1840
1842
1944
1943
1929
1844
1846
1905
1950
1904
1848
1902
1854
1856
1857
1956
1861
1958
1862
1960
1957
1895
1864
1894
1891
1967
1873
1874
1878
1883
1879
1880
1794
1796
1877
1802
1805
1979
1876
1806
1875
1961
1984
1808
1811
1869
1978
1977
1990
1991
1992
1993
1870
1812
1814
1815
1818
1997
2000
2001
1820
1821
1822
2005
1987
1860
1859
1855
1826
1828
1829
1830
2012
2015
1850
1851
1845
2014
2020
2021
2022
2023
1836
1834
2026
2027
2028
2029
2030
2031
2032
2033
2034
1839
1837
2037
1749
2039
2040
2041
2042
2043
1751
1832
2046
1757
2048
2049
2050
2051
2052
1831
1758
2055
2056
1762
1763
1823
2059
2060
2062
2063
2061
2065
1767
2064
1819
1817
1809
1804
1803
1784
2074
2075
2076
2077
2078
2079
2073
2081
2082
2083
2072
2071
2070
2068
2069
2066
2088
2067
2058
2057
2089
2054
2053
2093
2098
2091
2047
2045
2044
2038
2092
2036
2035
2108
2025
2102
2024
2019
2018
2011
2114
2017
2106
2117
2118
2119
2120
2121
2122
2016
2123
2013
2126
2008
2009
2010
2003
2130
2006
2129
2133
2135
1986
2007
2136
2139
2140
2004
2142
1989
2143
2145
2146
2002
2147
1999
1998
2151
2148
1974
1975
2155
1996
1976
2158
1995
1994
1988
1981
1985
1983
1962
1964
2167
2168
2169
2170
2171
2172
2173
2174
2175
2176
2177
2178
2179
2180
1982
1980
2182
1965
1966
2186
2187
2188
1970
2189
1971
1972
2193
1973
1934
1935
1936
2198
2199
1945
2201
2202
2203
2204
1947
1948
2207
2208
1968
2210
2211
2212
2213
2214
2215
2216
2217
2218
2219
2220
1969
1953
2223
1954
1955
2225
2226
1963
2229
2227
1959
1910
2231
1911
2234
1914
2236
1915
1917
1919
1952
2242
1951
2244
2245
2246
2247
2248
2249
2250
2251
2252
2253
2254
1921
2256
2257
1949
2259
1923
2261
2262
2263
2264
2265
2266
2267
2268
2269
2270
2271
2272
2273
2274
2275
1924
1925
2278
1946
2280
2281
2282
2283
2284
1930
1942
2286
2287
1941
1931
1933
1882
2292
1884
1885
1887
1888
2296
1928
2298
1892
2302
2303
2304
1922
2306
2307
2308
2309
2310
2301
2300
2299
2313
2315
2297
2316
2295
2294
2320
2293
2291
2290
2323
2324
2325
2327
2289
2288
2330
2331
2332
2333
2334
2335
2336
2337
2338
2339
2340
2341
2342
2343
2344
2345
2285
2279
2347
2277
2350
2276
2352
2353
2354
2355
2260
2357
2258
2255
2243
2241
2362
2238
2364
2240
2239
2237
2368
2369
2370
2371
2235
2372
2373
2233
2375
2230
2232
2228
2224
2222
2382
2383
2221
2209
2206
2205
2386
2388
2390
2391
2392
2393
2394
2200
2389
2197
2196
2195
2194
2190
2192
2191
2404
2405
2406
2407
2408
2409
2410
2184
2183
2185
2414
2415
2416
2417
2418
2419
2420
2181
2166
2423
2424
2165
2164
2426
2163
2162
2161
2156
2431
2160
2434
2433
2159
2152
2157
2153
2440
2154
2138
2443
2444
2445
2446
2447
2150
2134
2450
2149
2451
2453
2454
2455
2144
2457
2141
2137
2132
2461
2131
2127
2125
2128
2124
2467
2468
2469
2466
2471
2116
2473
2472
2475
2115
2109
2113
2479
2480
2111
2095
2482
2112
2485
2097
2483
2099
2110
2489
2490
2491
2103
2104
2107
2105
2497
2101
2100
2096
2498
2094
2090
2504
2087
2501
2507
2086
2085
2084
2511
2080
2513
2512
2505
2510
2506
2518
2509
2508
2521
2522
2524
2502
2520
2503
2519
2499
2516
2500
2496
2527
2494
2523
2535
2534
2532
2495
2493
2492
2488
2487
2541
2540
2545
2486
2547
2536
2548
2484
2546
2544
2553
2474
2481
2476
2478
2558
2550
2477
2470
2465
2562
2463
2462
2464
2567
2568
2569
2570
2571
2572
2573
2574
2575
2576
2460
2458
2459
2456
2581
2452
2449
2448
2442
2586
2587
2588
2589
2590
2591
2592
2441
2439
2595
2596
2597
2598
2599
2600
2601
2602
2603
2604
2605
2606
2607
2608
2609
2610
2611
2612
2438
2613
2614
2435
2436
2618
2437
2432
2619
2430
2428
2429
2427
2626
2627
2628
2629
2630
2631
2632
2633
2634
2635
2636
2637
2638
2639
2640
2641
2642
2425
2422
2421
2646
2647
2413
2649
2650
2651
2652
2412
2411
2655
2403
2402
2658
2401
2399
2661
2662
2400
2664
2665
2666
2667
2668
2669
2670
2671
2672
2673
2397
2398
2395
2677
2678
2396
2387
2681
2385
2384
2381
2685
2686
2687
2688
2689
2690
2691
2692
2693
2694
2695
2696
2697
2698
2699
2700
2380
2379
2378
2377
2705
2706
2707
2708
2709
2710
2711
2376
2712
2713
2715
2716
2714
2718
2374
2720
2367
2361
2366
2724
2725
2726
2727
2365
2363
2730
2731
2732
2733
2358
2735
2736
2737
2738
2739
2740
2741
2359
2360
2743
2745
2746
2747
2748
2749
2750
2751
2752
2753
2356
2351
2756
2757
2349
2759
2760
2761
2762
2763
2764
2765
2766
2348
2768
2769
2770
2346
2329
2772
2773
2326
2776
2777
2328
2314
2322
2781
2318
2321
2784
2785
2311
2312
2319
2317
2305
2791
2792
2793
2790
2794
2795
2797
2789
2796
2800
2788
2802
2787
2786
2805
2806
2804
2807
2783
2782
2808
2811
2813
2780
2812
2774
2816
2817
2779
2819
2775
2820
2821
2823
2825
2826
2827
2824
2829
2778
2771
2767
2758
2834
2835
2836
2755
2838
2839
2840
2841
2842
2843
2844
2845
2846
2847
2754
2849
2850
2851
2852
2853
2854
2855
2744
2742
2734
2859
2860
2729
2861
2728
2723
2865
2722
2867
2866
2868
2721
2719
2717
2704
2874
2875
2876
2877
2878
2879
2880
2881
2703
2702
2701
2684
2886
2887
2888
2889
2683
2682
2892
2893
2680
2895
2679
2676
2898
2899
2675
2900
2902
2674
2901
2906
2907
2663
2660
2908
2659
2657
2656
2913
2914
2654
2653
2648
2645
2919
2920
2644
2922
2923
2643
2625
2624
2622
2928
2929
2621
2930
2623
2932
2616
2620
2617
2935
2938
2934
2940
2939
2942
2615
2594
2593
2946
2585
2584
2944
2579
2582
2952
2953
2954
2955
2956
2957
2958
2959
2960
2948
2962
2963
2964
2966
2583
2967
2580
2970
2578
2947
2577
2974
2975
2563
2965
2977
2566
2973
2980
2972
2982
2981
2984
2560
2565
2986
2988
2989
2983
2564
2992
2987
2993
2557
2994
2997
2561
2999
2559
2996
2551
3003
3004
3005
3006
2552
2555
2556
3001
2554
3000
2542
2549
2998
2539
3017
3018
2543
2531
3021
2538
2537
3020
3019
3026
2533
2528
2529
2530
3030
2526
2525
2517
3034
3036
3037
2515
3033
2514
3041
3031
3032
3038
3039
3035
3028
3024
3047
3029
3046
3025
3027
3045
3023
3055
3056
3057
3059
3060
3061
3063
3022
3009
3010
3012
3067
3016
3065
3015
3058
3014
3013
3053
3011
3002
3008
3078
3007
3080
3076
2995
3074
2991
3085
2990
2978
2985
2979
3090
3068
3091
3092
3093
3094
3095
3096
3097
3098
3099
3101
2976
2971
3089
2969
2968
2961
2950
3087
2941
2951
3084
2949
3083
2945
2937
3117
2943
2936
3116
2933
2931
2927
3124
2926
3109
3106
2925
2924
2921
3129
3132
2918
3135
3134
3127
3137
2917
3139
3126
2916
3141
3143
3144
3145
3146
3125
3149
2915
3123
2912
3121
2911
3155
2910
2909
3122
3120
3159
2903
2904
2905
3157
3164
3165
3166
2897
3168
3154
3169
3170
3172
3173
3174
3175
2896
2894
2891
2890
3180
2885
3181
3183
3184
3185
3186
3187
3188
3189
2884
3191
2883
2882
3138
3133
2871
3196
2873
2870
2872
3192
2869
3182
3178
2863
3171
2864
3162
2862
3210
3211
3209
3213
2858
3208
2857
2856
3206
3219
2848
3205
2837
2833
2832
3198
2830
3199
3194
3229
3230
3231
3232
3233
2831
2828
2822
2818
2814
3223
2815
2809
2803
3243
3244
2810
3222
2798
3221
3249
3250
2799
2801
3218
3254
3255
3217
3257
3253
3259
3260
3261
3262
3263
3220
3265
3240
3212
3267
3224
3270
3266
3237
3273
3264
3226
3236
3248
3247
3227
3280
3228
3245
3242
3241
3285
3286
3287
3288
3239
3290
3197
3225
3234
3293
3294
3200
3292
3291
3299
3289
3202
3302
3203
3204
3207
3306
3215
3278
3160
3310
3163
3275
3274
3179
3315
3201
3193
3318
3314
3195
3190
3140
3304
3152
3177
3176
3167
3295
3158
3296
3331
3332
3161
3156
3153
3336
3328
3151
3325
3339
3324
3342
3150
3323
3148
3147
3142
3319
3136
3131
3100
3130
3104
3340
3337
3355
3357
3128
3107
3110
3112
3113
3114
3115
3361
3360
3118
3119
3079
3369
3082
3086
3111
3108
3373
3088
3374
3376
3105
3103
3102
3379
3383
3070
3386
3377
3071
3378
3072
3073
3382
3081
3077
3394
3393
3048
3051
3050
3075
3054
3069
3042
3395
3066
3043
3044
3064
3062
3409
3052
3405
3412
3049
3040
3415
3414
3413
3418
3419
3420
3421
3422
3423
3424
3411
3425
3410
3427
3408
3402
3406
3431
3407
3403
3404
3396
3437
3438
3399
3401
3440
3441
3443
3444
3445
3446
3447
3448
3400
3450
3389
3442
3390
3398
3455
3392
3457
3458
3459
3397
3380
3381
3391
3464
3465
3466
3384
3388
3469
3470
3471
3472
3473
3474
3475
3476
3477
3387
3385
3480
3375
3366
3483
3484
3485
3486
3487
3488
3489
3490
3491
3492
3493
3367
3494
3496
3371
3495
3356
3500
3498
3372
3370
3358
3505
3368
3359
3508
3509
3510
3511
3365
3362
3364
3515
3363
3349
3350
3351
3520
3521
3522
3523
3524
3525
3526
3527
3352
3528
3529
3531
3353
3530
3341
3354
3343
3537
3536
3345
3346
3347
3348
3320
3322
3545
3344
3546
3338
3547
3548
3551
3335
3330
3334
3555
3556
3333
3557
3559
3560
3329
3558
3298
3300
3565
3327
3301
3326
3303
3307
3309
3571
3321
3573
3313
3575
3577
3578
3579
3580
3269
3582
3583
3317
3316
3272
3587
3588
3589
3590
3312
3591
3593
3311
3276
3596
3308
3305
3281
3283
3601
3284
3297
3604
3605
3235
3238
3608
3246
3282
3279
3277
3251
3614
3615
3252
3258
3271
3268
3620
3621
3619
3622
3214
3216
3626
3256
3628
3629
3630
3631
3624
3633
3625
3623
3636
3637
3638
3639
3640
3641
3642
3618
3617
3645
3643
3616
3613
3612
3611
3649
3648
3653
3610
3609
3607
3657
3656
3659
3658
3661
3606
3603
3602
3600
3599
3667
3598
3669
3670
3671
3672
3597
3674
3675
3676
3677
3678
3679
3595
3681
3682
3683
3684
3594
3592
3687
3688
3586
3585
3691
3584
3581
3576
3574
3696
3697
3698
3699
3700
3701
3702
3572
3566
3705
3706
3707
3708
3567
3570
3711
3569
3563
3568
3715
3716
3717
3718
3719
3720
3721
3722
3723
3724
3725
3564
3727
3728
3729
3730
3561
3562
3733
3734
3554
3553
3549
3552
3739
3740
3550
3544
3743
3543
3542
3746
3538
3748
3541
3749
3750
3751
3540
3539
3753
3755
3534
3758
3535
3532
3761
3533
3763
3764
3765
3766
3767
3519
3769
3770
3771
3772
3773
3774
3775
3776
3777
3778
3779
3780
3781
3782
3783
3784
3518
3517
3787
3788
3789
3516
3514
3792
3513
3512
3507
3506
3504
3503
3499
3800
3801
3802
3803
3804
3805
3806
3807
3808
3809
3810
3502
3501
3497
3814
3482
3481
3479
3478
3468
3467
3821
3822
3463
3462
3825
3826
3461
3460
3828
3830
3456
3831
3833
3834
3454
3835
3836
3837
3838
3839
3453
3451
3452
3449
3439
3846
3847
3436
3849
3435
3433
3434
3853
3848
3852
3432
3856
3858
3859
3860
3430
3429
3863
3864
3865
3866
3867
3428
3426
3417
3416
3872
3873
3871
3870
3876
3877
3878
3869
3880
3881
3882
3883
3884
3885
3886
3887
3888
3868
3862
3891
3861
3893
3894
3895
3896
3897
3898
3899
3900
3901
3857
3902
3903
3855
3906
3905
3854
3851
3850
3911
3845
3844
3843
3841
3842
3840
3918
3919
3920
3921
3832
3829
3924
3827
3824
3927
3823
3928
3929
3930
3820
3819
3934
3935
3936
3818
3817
3816
3940
3941
3942
3943
3944
3945
3946
3947
3815
3813
3950
3812
3811
3953
3799
3798
3956
3957
3958
3959
3960
3961
3962
3963
3964
3965
3797
3796
3968
3969
3970
3971
3795
3794
3974
3975
3976
3977
3978
3979
3980
3981
3982
3983
3984
3985
3986
3987
3988
3989
3990
3991
3992
3993
3994
3793
3791
3790
3786
3999
4000
4001
4002
3785
3768
4005
4006
4007
4008
4009
3762
3760
4012
3759
4014
4015
4016
4017
4018
4019
4020
4021
3756
4022
4024
3757
3752
4027
3754
3747
3745
4030
3744
4033
4034
3742
3741
3738
3737
4039
3736
4040
3735
3732
4044
4045
3731
4047
3726
4046
3714
4051
4050
3713
3712
3710
3709
3704
3703
3695
3694
3693
3692
4063
4064
3690
3689
3686
3685
3680
4070
4071
3673
4072
4073
4075
3668
3666
4078
3665
4080
4081
3664
4083
3662
3663
3660
3650
4088
4089
4090
4091
4092
3652
3654
3655
4096
3651
4098
3646
4099
4100
4101
4102
3647
4104
4106
3644
3635
3634
4110
3632
3627
4113
4114
4115
4116
4117
4118
4119
4120
4121
4122
4112
4111
4125
4126
4127
4128
4129
4108
4131
4109
4107
4134
4135
4105
4103
4137
4097
4140
4141
4142
4143
4144
4145
4146
4095
4148
4149
4094
4150
4152
4153
4154
4155
4156
4157
4158
4159
4160
4093
4151
4087
4086
4084
4085
4166
4164
4168
4170
4171
4172
4082
4079
4175
4176
4076
4178
4179
4180
4181
4182
4183
4184
4185
4186
4187
4188
4189
4190
4191
4192
4193
4194
4077
4196
4197
4198
4199
4074
4069
4202
4203
4068
4067
4206
4207
4066
4065
4062
4061
4060
4059
4058
4057
4216
4217
4218
4219
4056
4221
4055
4054
4052
4053
4048
4227
4228
4049
4230
4043
4041
4233
4042
4235
4236
4038
4037
4035
4036
4031
4032
4029
4028
4026
4025
4023
4013
4011
4010
4004
4003
3998
3997
3996
3995
3973
3972
3967
3966
3955
3954
3952
3951
3949
3948
3939
4268
4269
4270
4271
4272
4273
4274
4275
4276
4277
4278
4279
4280
4281
3938
3937
3932
3933
4287
4288
4289
4290
4291
4292
4293
4294
4295
4296
4297
4298
4299
4300
4301
4302
4303
4304
4305
4306
4307
4308
4309
4310
4311
4312
4313
4314
4315
4316
4317
4318
4319
4320
4321
4322
4323
4324
4325
3931
3926
3925
3923
3922
3917
3916
3915
3914
3913
3912
3910
3908
3907
3909
3904
3892
3890
3889
3879
3875
3874
4347
4346
4345
4344
4343
4352
4342
4341
4340
4339
4338
4337
4336
4335
4361
4334
4333
4332
4331
4330
4329
4328
4370
4371
4372
4373
4374
4375
4376
4377
4378
4379
4380
4381
4382
4383
4384
4385
4386
4387
4388
4389
4390
4391
4392
4393
4394
4395
4396
4397
4398
4399
4400
4401
4402
4403
4404
4405
4406
4407
4408
4409
4410
4411
4412
4413
4414
4415
4416
4417
4418
4419
4420
4421
4422
4423
4424
4425
4426
4427
4428
4429
4430
4431
4432
4433
4434
4435
4436
4437
4438
4439
4440
4441
4442
4443
4444
4445
4446
4447
4448
4449
4450
4451
4452
4453
4454
4455
4456
4457
4458
4459
4327
4326
4286
4285
4284
4464
4465
4466
4467
4468
4469
4283
4282
4267
4266
4265
4264
4263
4262
4261
4260
4259
4258
4257
4256
4255
4254
4253
4252
4251
4250
4249
4248
4247
4246
4245
4244
4243
4242
4241
4240
4239
4238
4237
4234
4232
4231
4229
4508
4509
4510
4511
4512
4226
4225
4514
4515
4224
4223
4517
4222
4519
4521
4522
4523
4524
4220
4526
4527
4528
4529
4531
4532
4215
4534
4535
4536
4214
4213
4538
4539
4212
4537
4211
4543
4210
4544
4209
4547
4208
4549
4205
4550
4204
4552
4553
4201
4555
4557
4554
4200
4195
4177
4562
4174
4173
4565
4169
4566
4167
4165
4570
4571
4161
4163
4162
4147
4138
4139
4136
4133
4132
4130
4124
4123
4584
4583
4582
4581
4580
4579
4578
4577
4576
4575
4574
4573
4569
4572
4568
4599
4567
4564
4602
4563
4603
4561
4605
4560
4559
4609
4610
4558
4611
4556
4614
4551
4615
4548
4618
4546
4545
4619
4620
4542
4624
4541
4626
4540
4628
4533
4629
4631
4632
4633
4634
4525
4630
4520
4637
4639
4530
4640
4638
4518
4643
4645
4641
4516
4648
4513
4649
4507
4652
4506
4653
4654
4656
4657
4658
4659
4660
4505
4663
4504
4664
4503
4666
4667
4502
4669
4501
4671
4500
4673
4499
4675
4498
4677
4497
4679
4496
4681
4495
4683
4494
4685
4493
4687
4491
4689
4490
4691
4492
4693
4489
4695
4488
4696
4699
4487
4486
4698
4485
4700
4484
4702
4483
4704
4482
4481
4480
4479
4478
4477
4476
4475
4709
4708
4716
4474
4715
4714
4473
4713
4472
4725
4721
4720
4471
4719
4470
4729
4732
4463
4462
4735
4736
4737
4734
4733
4741
4731
4742
4740
4461
4460
4746
4747
4369
4368
4367
4366
4365
4364
4363
4362
4360
4359
4755
4358
4357
4760
4762
4356
4355
4354
4752
4767
4353
4351
4750
4771
4772
4773
4774
4775
4776
4350
4349
4348
4780
4781
4782
4770
4765
4779
4764
4763
4788
4749
4790
4791
4778
4757
4793
4795
4792
4787
4784
4799
4801
4802
4803
4804
4805
4806
4807
4808
4777
4769
4810
4811
4751
4809
4800
4814
4753
4817
4818
4798
4754
4821
4797
4756
4759
4796
4825
4826
4827
4829
4758
4823
4832
4833
4816
4739
4738
4815
4745
4812
4744
4841
4842
4830
4743
4844
4843
4727
4847
4728
4850
4851
4730
4848
4718
4846
4726
4857
4858
4856
4853
4722
4862
4863
4852
4724
4865
4864
4723
4861
4859
4717
4871
4870
4710
4869
4876
4877
4711
4712
4866
4879
4875
4706
4707
4872
4705
4703
4888
4887
4701
4886
4697
4694
4692
4895
4690
4688
4686
4899
4900
4901
4902
4903
4904
4905
4906
4907
4908
4684
4682
4680
4678
4676
4674
4915
4672
4670
4668
4665
4655
4662
4661
4651
4650
4647
4646
4644
4642
4636
4635
4627
4625
4623
4622
4621
4617
4616
4613
4612
4608
4606
4607
4604
4601
4600
4598
4597
4596
4595
4594
4952
4593
4592
4591
4590
4589
4588
4587
4586
4585
4961
4960
4959
4958
4965
4966
4967
4968
4969
4970
4971
4972
4973
4957
4974
4975
4956
4955
4954
4953
4951
4982
4983
4984
4950
4981
4949
4948
4947
4946
4991
4992
4993
4994
4995
4945
4944
4943
5000
4942
4941
4940
4939
4938
4937
4936
4935
4934
4933
4932
4931
4930
4929
4928
4927
4926
4925
4924
4923
4922
4921
4920
4919
5024
5025
5026
5027
5028
4918
4917
4916
4914
4913
4912
4911
4910
4909
4898
4897
4896
4894
5042
5043
5045
4893
4891
5047
4890
4892
4889
5051
5052
5053
5054
4883
4885
4873
4874
4884
4882
5061
5062
4881
4867
4880
5067
5068
5069
5070
5071
5072
5073
5074
5075
5076
5077
5078
5079
5080
5081
5082
5083
5084
5085
5086
5087
5088
5089
5090
5091
5092
5093
5094
5095
5096
5097
5098
5099
5100
5101
5102
5103
5104
5105
5106
5107
5108
5109
5110
5111
5112
5113
5114
5115
5116
5117
5118
5119
5120
5121
5122
5123
5124
5125
5126
5127
5128
5129
5130
5131
5132
5133
5134
5135
5136
5137
5138
5139
5140
5141
5142
5143
5144
5145
5146
5147
5148
5149
5150
5151
5152
5153
5154
5155
5156
5157
5158
5159
5160
5161
5162
5163
5164
5165
5166
5167
5168
5169
5170
5171
5172
5173
5174
5175
5176
5177
5178
5179
5180
5181
5182
5183
5184
5185
5186
5187
5188
5189
5190
5191
5192
5193
5194
5195
5196
5197
5198
5199
5200
5201
5202
5203
5204
5205
5206
5207
5208
5209
5210
5211
5212
5213
5214
5215
5216
5217
5218
5219
5220
5221
5222
5223
5224
5225
5226
5227
5228
5229
5230
5231
5232
5233
5234
5235
5236
5237
5238
5239
5240
5241
5242
5243
5244
5245
5246
5247
5248
5249
5250
5251
5252
5253
5254
5255
5256
5257
5258
5259
5260
5261
5262
5263
5264
5265
5266
5267
5268
5269
5270
5271
5272
5273
5274
5275
5276
5277
5278
5279
5280
5281
5282
5283
5284
5285
5286
5287
5288
5289
5290
5291
5292
5293
5294
5295
5296
5297
5298
5299
5300
5301
5302
5303
5304
5305
5306
5307
5308
5309
5310
5311
5312
5313
5314
5315
5316
5317
5318
5319
5320
5321
5322
5323
5324
5325
5326
5327
5328
5329
5330
5331
5332
5333
5334
5335
5336
5337
5338
5339
5340
5341
5342
5343
5344
5345
5346
5347
5348
5349
5350
5351
5352
5353
5354
5355
5356
5357
5358
5359
5360
5361
5362
5363
5364
5365
5366
5367
5368
5369
5370
5371
5372
5373
5374
5375
5376
5377
5378
5379
5380
5381
5382
5383
5384
5385
5386
5387
5388
5389
5390
5391
5392
5393
5394
5395
5396
5397
5398
5399
5400
5401
5402
5403
5404
5405
5406
5407
5408
5409
5410
5411
5412
5413
5414
5415
5416
5417
4748
4868
4878
4860
4845
4855
4854
4849
4840
4837
4839
4838
4836
4835
4834
4831
4828
4824
5436
4822
4820
5438
5439
5440
4819
5442
4813
5443
5445
5446
4783
4794
4761
4789
4786
4785
4766
4768
5455
5454
5453
5452
5451
5450
5447
5449
5444
5448
5441
5437
5435
5468
5469
5470
5471
5434
5433
5432
5431
5430
5429
5428
5427
5426
5425
5424
5423
5422
5421
5420
5488
5489
5490
5491
5492
5493
5494
5495
5496
5497
5498
5499
5500
5501
5502
5503
5504
5505
5506
5507
5508
5509
5510
5511
5512
5513
5514
5515
5516
5517
5518
5519
5520
5521
5522
5523
5524
5525
5526
5527
5528
5529
5530
5531
5532
5533
5534
5535
5536
5537
5538
5539
5540
5541
5542
5543
5544
5545
5546
5547
5548
5549
5550
5551
5552
5553
5554
5555
5556
5557
5558
5559
5560
5561
5562
5563
5564
5565
5566
5567
5568
5569
5570
5571
5572
5573
5574
5575
5576
5577
5578
5579
5580
5581
5582
5583
5584
5585
5586
5587
5588
5589
5590
5591
5592
5593
5594
5595
5596
5597
5598
5599
5600
5601
5602
5603
5604
5605
5606
5607
5608
5609
5610
5611
5612
5613
5614
5615
5616
5617
5618
5619
5620
5621
5622
5623
5624
5625
5626
5627
5628
5629
5630
5631
5632
5633
5634
5635
5636
5637
5638
5639
5640
5641
5642
5643
5644
5645
5646
5647
5648
5649
5650
5651
5652
5653
5654
5655
5656
5657
5658
5659
5660
5661
5662
5663
5664
5665
5666
5667
5668
5669
5670
5671
5672
5673
5674
5675
5676
5677
5678
5679
5680
5681
5682
5683
5684
5685
5686
5687
5688
5689
5690
5691
5692
5693
5694
5695
5696
5697
5698
5699
5700
5701
5702
5703
5704
5705
5706
5707
5708
5709
5710
5711
5712
5713
5714
5715
5716
5717
5718
5719
5720
5721
5722
5723
5724
5725
5726
5727
5728
5729
5730
5731
5732
5733
5734
5735
5736
5737
5738
5739
5740
5741
5742
5743
5744
5745
5746
5747
5748
5749
5750
5751
5752
5753
5754
5755
5756
5757
5758
5759
5760
5761
5762
5763
5764
5765
5766
5767
5768
5769
5770
5771
5772
5773
5774
5775
5776
5777
5778
5779
5780
5781
5782
5783
5784
5785
5786
5787
5788
5789
5790
5791
5792
5793
5419
5418
5066
5065
5064
5063
5060
5059
5058
5057
5056
5804
5805
5055
5050
5049
5048
5046
5811
5812
5044
5813
5041
5816
5817
5818
5819
5820
5821
5822
5823
5824
5040
5039
5038
5037
5036
5035
5034
5033
5032
5031
5030
5029
5023
5022
5021
5841
5842
5843
5844
5845
5846
5847
5848
5849
5850
5851
5852
5853
5854
5855
5856
5857
5020
5019
5018
5017
5016
5015
5014
5013
5012
5011
5010
5009
5008
5007
5006
5872
5873
5874
5876
5005
5004
5879
5002
5880
5003
5882
4998
5883
5001
4997
5887
4999
4996
4985
5891
4990
4986
5894
5895
5896
5897
4989
5899
5900
4987
5902
4988
4980
4979
4977
4978
5908
4976
4964
4963
4962
5913
5912
5915
5916
5917
5918
5919
5920
5921
5922
5923
5924
5911
5910
5909
5928
5929
5930
5931
5907
5906
5905
5904
5903
5901
5938
5939
5940
5941
5898
5890
5893
5892
5886
5889
5888
5885
5950
5951
5952
5953
5954
5955
5956
5957
5958
5884
5881
5878
5877
5875
5871
5870
5869
5868
5867
5866
5865
5864
5863
5862
5974
5975
5976
5977
5978
5861
5860
5859
5858
5840
5839
5838
5837
5836
5835
5834
5833
5832
5831
5830
5829
5828
5827
5826
5825
5815
5814
5810
5809
5808
5807
5806
5803
5802
5801
5800
5799
5798
5797
5796
6015
6016
6017
6018
6019
6020
6021
6022
6023
6024
6025
6026
6027
6028
6029
6030
6031
6032
6033
6034
6035
6036
6037
6038
6039
6040
6041
5795
5794
5487
5486
5485
5484
5483
5482
5481
5480
5479
5478
5477
5476
5475
5474
5473
5472
5467
5466
5465
5464
5463
5462
5461
5460
5459
5458
5457
5456
6071
6070
6069
6068
6067
6066
6065
6064
6063
6062
6061
6060
6059
6058
6057
6056
6055
6088
6089
6090
6091
6092
6093
6094
6095
6096
6097
6098
6099
6100
6101
6102
6103
6104
6105
6106
6107
6108
6109
6110
6111
6112
6113
6114
6115
6116
6117
6118
6119
6054
6053
6052
6051
6050
6049
6048
6047
6046
6045
6044
6132
6133
6134
6135
6136
6137
6138
6139
6140
6141
6142
6143
6144
6145
6146
6147
6148
6149
6150
6151
6152
6153
6154
6155
6156
6157
6158
6159
6160
6161
6162
6163
6164
6165
6166
6167
6168
6169
6170
6171
6172
6173
6174
6175
6176
6177
6178
6179
6180
6181
6182
6183
6184
6185
6186
6187
6188
6189
6190
6191
6192
6193
6194
6195
6196
6197
6198
6199
6200
6201
6202
6203
6204
6205
6206
6207
6208
6209
6210
6211
6212
6213
6214
6215
6216
6217
6218
6219
6220
6221
6222
6223
6224
6225
6226
6227
6228
6229
6230
6231
6232
6233
6234
6235
6236
6237
6238
6239
6240
6241
6242
6243
6244
6245
6246
6247
6248
6249
6250
6251
6252
6253
6254
6255
6256
6257
6258
6259
6260
6261
6262
6263
6264
6265
6266
6267
6268
6269
6270
6271
6272
6273
6274
6275
6276
6277
6278
6279
6280
6281
6282
6283
6284
6285
6286
6043
6042
6288
6014
6013
6012
6011
6010
6009
6008
6007
6006
6005
6004
6003
6002
6001
6000
5999
5998
5997
5996
5995
5994
5993
5992
5991
5990
5989
5988
5987
5986
5985
5984
5983
5982
5981
5980
5979
5973
5972
5971
5970
5969
5968
5967
5966
5965
5964
5963
5962
5961
5960
5959
5949
5948
5947
5946
5945
5944
5943
5942
6348
6349
6350
6351
6352
6353
5937
5936
5935
6358
5934
5933
5932
5927
5926
5925
5914
6365
6364
6363
6362
6361
6360
6359
6357
6373
6356
6374
6355
6377
6376
6379
6380
6354
6382
6347
6384
6383
6386
6385
6387
6346
6390
6389
6392
6345
6344
6343
6396
6395
6397
6398
6400
6342
6341
6340
6404
6403
6406
6402
6408
6407
6410
6339
6338
6413
6409
6337
6417
6336
6335
6334
6333
6332
6331
6330
6329
6328
6327
6326
6325
6324
6323
6322
6321
6320
6319
6318
6317
6316
6315
6314
6438
6441
6442
6313
6444
6445
6446
6447
6448
6449
6450
6451
6452
6312
6311
6310
6309
6308
6307
6306
6305
6304
6303
6302
6301
6300
6299
6298
6297
6296
6295
6294
6293
6292
6291
6476
6477
6478
6479
6480
6481
6482
6483
6484
6485
6486
6487
6488
6489
6490
6491
6492
6493
6494
6495
6496
6497
6498
6499
6500
6501
6502
6503
6504
6505
6506
6507
6508
6290
6289
6287
6131
6130
6129
6128
6127
6126
6125
6124
6123
6122
6121
6120
6524
6525
6087
6086
6085
6084
6530
6531
6083
6082
6534
6535
6081
6080
6079
6539
6540
6078
6077
6076
6075
6074
6073
6072
6547
6546
6545
6544
6551
6543
6542
6541
6538
6537
6558
6559
6560
6561
6562
6536
6533
6532
6529
6528
6527
6526
6523
6522
6521
6520
6519
6518
6517
6516
6515
6514
6513
6512
6511
6583
6584
6585
6586
6587
6588
6510
6509
6475
6474
6473
6472
6471
6470
6469
6468
6467
6466
6600
6601
6602
6465
6603
6605
6604
6606
6607
6609
6608
6611
6464
6612
6614
6463
6462
6461
6460
6459
6458
6457
6456
6455
6454
6625
6453
6443
6440
6439
6630
6631
6437
6436
6435
6434
6433
6432
6431
6430
6429
6428
6427
6426
6425
6424
6423
6647
6648
6649
6650
6651
6652
6653
6654
6655
6422
6421
6420
6419
6418
6416
6414
6415
6411
6412
6405
6399
6401
6393
6394
6391
6388
6378
6381
6375
6372
6371
6370
6369
6680
6681
6682
6683
6684
6685
6686
6687
6688
6368
6367
6366
6692
6691
6690
6689
6679
6678
6677
6676
6675
6674
6673
6672
6671
6670
6669
6668
6667
6666
6665
6664
6663
6662
6661
6660
6659
6658
6657
6656
6646
6645
6644
6643
6642
6641
6640
6639
6638
6637
6636
6635
6634
6633
6632
6629
6628
6627
6626
6624
6623
6622
6621
6620
6619
6618
6617
6615
6613
6616
6610
6599
6598
6597
6596
6595
6594
6593
6592
6591
6760
6761
6762
6590
6589
6582
6581
6580
6579
6578
6577
6576
6575
6574
6573
6572
6571
6570
6569
6568
6567
6566
6565
6564
6563
6557
6556
6555
6554
6553
6552
6550
6549
6548
6794
6793
6792
6791
6790
6789
6788
6787
6786
6785
6804
6805
6784
6783
6782
6781
6780
6779
6778
6777
6776
6775
6774
6773
6772
6771
6770
6769
6768
6767
6766
6826
6827
6828
6829
6830
6765
6764
6763
6759
6834
6835
6836
6758
6837
6838
6839
6841
6840
6843
6842
6845
6757
6846
6756
6755
6754
6753
6752
6751
6750
6749
6748
6747
6746
6745
6744
6743
6742
6741
6740
6739
6738
6737
6736
6735
6734
6733
6732
6731
6730
6729
6728
6727
6726
6725
6724
6723
6722
6721
6720
6719
6718
6717
6716
6715
6714
6713
6712
6711
6710
6709
6708
6707
6706
6705
6704
6703
6702
6701
6700
6699
6698
6697
6696
6695
6694
6693
6912
6913
6914
6915
6911
6910
6909
6908
6907
6906
6905
6904
6924
6903
6926
6927
6928
6929
6930
6931
6932
6933
6934
6935
6936
6937
6938
6939
6902
6901
6900
6899
6898
6897
6896
6947
6948
6949
6950
6951
6952
6953
6954
6895
6894
6893
6892
6891
6890
6961
6962
6963
6964
6965
6966
6967
6889
6888
6887
6886
6972
6885
6884
6883
6882
6976
6881
6977
6880
6879
6982
6878
6980
6877
6986
6985
6876
6988
6990
6991
6992
6993
6994
6995
6996
6997
6875
6874
6873
6872
6871
6870
6869
7005
7006
7007
7008
7009
7010
7011
7012
7013
7014
7015
7016
6868
6867
6866
6865
6864
6863
6862
6861
6860
6859
6858
6857
6856
6855
6854
6853
6852
6851
6850
6849
6848
6847
6844
6833
7042
6832
6831
6825
6824
6823
6822
6821
6820
6819
6818
6817
6816
6815
6814
6813
6812
6811
6810
6809
6808
6807
6806
6803
6802
6801
6800
6799
6798
6797
6796
6795
7073
7072
7071
7070
7069
7068
7067
7066
7065
7064
7063
7062
7061
7060
7059
7088
7089
7090
7091
7092
7093
7094
7095
7096
7097
7098
7058
7057
7056
7055
7054
7053
7052
7051
7050
7049
7048
7047
7046
7045
7044
7043
7041
7040
7039
7038
7037
7036
7035
7034
7033
7032
7031
7126
7127
7128
7129
7130
7131
7132
7030
7029
7028
7027
7026
7025
7024
7139
7023
7140
7142
7022
7021
7020
7147
7019
7148
7150
7018
7017
7004
7003
7156
7002
7001
7000
6999
6998
6989
6987
6984
6983
6979
6981
6978
6975
6974
6973
6971
6970
6969
6968
6960
7176
7177
7178
7179
7180
7181
6959
6958
6957
6956
6955
6946
6945
6944
6943
6942
6941
6940
6925
6923
6922
6921
6920
6919
7200
6918
7202
6917
7204
6916
7206
7205
7208
7209
7203
7201
7199
7198
7197
7215
7216
7196
7195
7194
7193
7192
7191
7190
7189
7188
7187
7227
7228
7229
7230
7231
7232
7233
7234
7235
7236
7237
7238
7239
7186
7185
7184
7183
7182
7175
7174
7173
7172
7171
7170
7169
7168
7167
7166
7165
7164
7258
7163
7162
7161
7160
7159
7158
7157
7155
7154
7153
7152
7151
7149
7146
7143
7145
7141
7144
7138
7137
7136
7278
7280
7279
7282
7281
7284
7135
7286
7287
7288
7289
7290
7291
7292
7293
7294
7295
7296
7134
7298
7299
7133
7125
7302
7303
7304
7305
7306
7307
7308
7309
7310
7311
7312
7313
7314
7124
7123
7122
7121
7319
7320
7120
7119
7118
7117
7116
7327
7328
7329
7330
7331
7332
7333
7334
7335
7336
7337
7338
7339
7340
7341
7342
7343
7344
7345
7346
7347
7348
7349
7350
7351
7352
7353
7354
7355
7356
7357
7358
7359
7360
7361
7362
7363
7364
7365
7366
7367
7368
7369
7370
7371
7372
7373
7374
7375
7376
7377
7378
7379
7380
7381
7382
7383
7384
7385
7386
7387
7115
7114
7113
7389
7390
7391
7392
7112
7111
7396
7110
7109
7108
7107
7106
7105
7104
7103
7102
7101
7100
7099
7087
7086
7085
7084
7083
7082
7081
7080
7079
7078
7077
7419
7421
7422
7076
7075
7074
7426
7427
7428
7429
7430
7431
7432
7433
7434
7425
7424
7423
7420
7418
7417
7416
7415
7414
7413
7412
7411
7410
7409
7408
7407
7406
7405
7404
7403
7402
7401
7399
7400
7458
7460
7398
7462
7463
7461
7465
7464
7397
7394
7395
7393
7388
7326
7473
7474
7475
7476
7477
7478
7479
7480
7481
7482
7483
7325
7324
7323
7322
7321
7318
7317
7316
7315
7301
7300
7297
7285
7283
7277
7276
7275
7274
7273
7272
7271
7270
7269
7268
7267
7266
7265
7264
7263
7262
7261
7260
7259
7257
7256
7255
7254
7253
7252
7251
7250
7249
7248
7247
7246
7245
7244
7243
7242
7241
7240
7226
7536
7537
7538
7539
7540
7541
7225
7224
7223
7222
7221
7220
7219
7218
7217
7214
7213
7212
7211
7210
7207
7557
7556
7555
7554
7553
7552
7551
7550
7549
7548
7547
7546
7545
7544
7571
7572
7573
7574
7575
7543
7542
7535
7534
7533
7532
7531
7530
7529
7528
7527
7526
7525
7524
7523
7522
7521
7520
7519
7518
7517
7516
7515
7514
7513
7512
7511
7510
7509
7508
7507
7506
7505
7504
7503
7502
7501
7500
7499
7615
7616
7498
7497
7496
7495
7494
7493
7492
7624
7625
7626
7491
7490
7489
7630
7631
7632
7633
7634
7488
7487
7486
7485
7484
7640
7641
7472
7471
7645
7646
7470
7469
7468
7466
7467
7651
7652
7653
7459
7457
7456
7455
7454
7453
7452
7451
7450
7449
7448
7447
7446
7445
7444
7443
7442
7441
7440
7439
7438
7437
7436
7435
7678
7677
7676
7675
7681
7674
7673
7672
7671
7670
7669
7668
7667
7666
7665
7664
7663
7662
7661
7660
7659
7658
7700
7701
7702
7703
7704
7705
7706
7707
7657
7656
7655
7654
7650
7649
7714
7715
7648
7647
7644
7643
7642
7639
7638
7637
7636
7635
7629
7628
7627
7623
7622
7621
7620
7619
7618
7617
7614
7613
7612
7611
7610
7609
7608
7607
7606
7605
7604
7603
7602
7601
7600
7599
7598
7597
7596
7595
7594
7593
7592
7591
7590
7589
7588
7587
7586
7585
7584
7583
7582
7581
7580
7579
7578
7577
7576
7570
7776
7777
7778
7779
7569
7568
7567
7783
7566
7565
7564
7563
7562
7561
7560
7559
7558
7793
7792
7791
7790
7789
7788
7787
7786
7785
7784
7782
7781
7780
7775
7774
7773
7772
7771
7770
7769
7768
7767
7766
7765
7764
7763
7762
7761
7760
7759
7758
7757
7756
7755
7754
7753
7752
7751
7750
7749
7833
7834
7835
7836
7837
7838
7839
7840
7841
7842
7843
7844
7748
7747
7746
7745
7744
7743
7742
7741
7740
7739
7855
7856
7857
7858
7859
7860
7861
7862
7863
7864
7865
7866
7867
7868
7869
7870
7871
7738
7737
7736
7735
7734
7733
7732
7731
7730
7729
7728
7727
7726
7725
7724
7723
7722
7721
7720
7891
7892
7893
7894
7895
7896
7897
7898
7899
7900
7901
7902
7903
7904
7905
7906
7719
7909
7910
7911
7912
7718
7717
7716
7713
7712
7711
7710
7709
7708
7699
7698
7697
7696
7695
7694
7693
7692
7691
7690
7689
7688
7933
7934
7935
7936
7937
7938
7939
7940
7941
7942
7943
7687
7686
7685
7684
7683
7682
7680
7951
7952
7953
7954
7955
7679
7957
7956
7950
7949
7948
7947
7946
7945
7944
7932
7931
7968
7969
7930
7929
7928
7927
7926
7925
7924
7923
7922
7921
7920
7919
7918
7917
7916
7915
7986
7914
7913
7908
7907
7890
7889
7888
7887
7886
7885
7884
7883
7882
7881
7880
8003
7879
7878
7877
7876
7875
7874
7873
7872
7854
7853
7852
7851
8015
7850
7849
7848
7847
7846
7845
7832
8024
8025
8026
8027
8028
8029
8030
8031
8032
8033
8034
8035
8036
8037
8038
8039
8040
8041
8042
8043
8044
8045
8046
8047
8048
8049
8050
8051
8052
8053
8054
8055
8056
8057
8058
8059
8060
8061
8062
8063
8064
8065
8066
8067
8068
8069
8070
8071
8072
8073
8074
8075
8076
8077
8078
8079
8080
8081
8082
7831
7830
7829
7828
8087
7827
7826
7825
7824
7823
7822
7821
7820
7819
7818
7817
7816
8098
8099
8101
8102
7815
7814
7813
7812
7811
7810
7809
7808
7807
7806
7805
7804
7803
7802
7801
7800
7799
7798
7797
7796
7795
7794
8125
8124
8127
8123
8128
8129
8131
8132
8133
8122
8135
8130
8137
8136
8139
8121
8140
8142
8143
8144
8145
8146
8147
8148
8149
8150
8120
8119
8118
8117
8116
8115
8114
8113
8112
8160
8161
8111
8110
8109
8108
8107
8106
8105
8104
8103
8100
8097
8096
8095
8094
8093
8092
8091
8090
8089
8088
8086
8085
8084
8083
8023
8022
8021
8020
8019
8191
8192
8193
8194
8195
8196
8197
8198
8199
8200
8201
8202
8203
8018
8017
8016
8014
8013
8012
8011
8010
8009
8008
8007
8215
8216
8217
8006
8005
8004
8002
8001
8000
7999
7998
7997
7996
7995
7994
7993
7992
7991
8232
8234
8235
8236
8237
7990
7989
7988
7987
7985
7984
7983
7982
7981
7980
7979
7978
7977
7976
8252
8253
8254
7975
7974
7973
7972
8259
8260
8261
8262
8263
8264
8265
8266
8267
8268
8269
8270
7971
7970
7967
7966
7965
8276
8277
8278
8279
8280
8281
8282
7964
7963
7962
7961
7960
7959
7958
8290
8289
8292
8293
8294
8295
8296
8288
8287
8286
8300
8301
8302
8303
8285
8284
8283
8275
8274
8273
8272
8271
8258
8257
8256
8255
8251
8250
8318
8319
8320
8249
8248
8247
8246
8245
8244
8243
8242
8330
8331
8241
8332
8333
8240
8239
8238
8233
8231
8230
8229
8228
8227
8226
8225
8224
8223
8222
8221
8220
8219
8218
8214
8213
8212
8211
8210
8209
8208
8207
8206
8205
8204
8190
8189
8188
8187
8186
8185
8184
8183
8182
8181
8180
8179
8178
8177
8176
8175
8174
8173
8172
8171
8170
8169
8385
8386
8387
8388
8389
8168
8167
8166
8165
8164
8163
8162
8159
8158
8157
8156
8155
8154
8153
8152
8151
8141
8138
8134
8126
8410
8409
8408
8407
8406
8405
8404
8403
8402
8419
8420
8421
8422
8423
8401
8400
8399
8398
8397
8429
8430
8431
8432
8433
8434
8435
8436
8437
8438
8439
8440
8441
8442
8443
8444
8445
8396
8395
8448
8394
8393
8392
8391
8390
8384
8383
8382
8381
8380
8379
8378
8377
8376
8375
8374
8373
8372
8371
8370
8369
8368
8367
8366
8365
8364
8363
8362
8361
8360
8359
8358
8357
8356
8355
8354
8353
8352
8351
8350
8349
8490
8491
8492
8493
8494
8495
8496
8497
8498
8499
8500
8501
8502
8503
8504
8505
8506
8348
8347
8346
8345
8344
8343
8342
8341
8340
8339
8338
8337
8336
8335
8334
8329
8328
8327
8326
8325
8324
8323
8322
8321
8317
8316
8315
8314
8313
8312
8537
8538
8539
8540
8541
8542
8311
8310
8309
8308
8307
8306
8305
8304
8299
8298
8297
8291
8555
8556
8554
8553
8552
8551
8550
8549
8548
8547
8546
8545
8544
8543
8536
8535
8534
8533
8532
8531
8530
8529
8528
8527
8526
8525
8524
8523
8584
8522
8521
8520
8519
8518
8517
8516
8515
8514
8593
8594
8595
8596
8597
8598
8599
8600
8601
8602
8603
8604
8605
8513
8512
8511
8510
8509
8508
8507
8489
8488
8487
8486
8485
8484
8483
8482
8481
8480
8479
8478
8477
8476
8475
8474
8473
8472
8471
8470
8469
8468
8467
8466
8465
8464
8463
8462
8461
8460
8459
8458
8457
8456
8455
8454
8453
8452
8451
8450
8653
8654
8449
8447
8446
8428
8659
8660
8427
8661
8662
8664
8663
8666
8426
8668
8667
8669
8671
8672
8673
8674
8675
8676
8677
8678
8425
8424
8418
8417
8416
8415
8414
8413
8412
8411
8689
8688
8687
8692
8693
8694
8695
8696
8697
8698
8699
8700
8686
8685
8684
8704
8683
8706
8682
8681
8707
8709
8711
8710
8713
8712
8715
8714
8680
8718
8716
8720
8719
8721
8679
8670
8665
8726
8727
8728
8729
8730
8731
8732
8733
8734
8658
8657
8656
8655
8652
8651
8650
8649
8648
8647
8646
8645
8644
8643
8642
8641
8640
8639
8638
8637
8636
8635
8634
8633
8632
8760
8761
8762
8763
8764
8631
8630
8629
8628
8627
8770
8626
8772
8625
8774
8624
8776
8623
8622
8621
8620
8619
8782
8783
8784
8785
8618
8786
8787
8617
8616
8615
8614
8613
8612
8611
8610
8797
8798
8609
8800
8801
8802
8803
8804
8608
8607
8606
8808
8592
8810
8811
8812
8591
8590
8589
8588
8587
8819
8820
8821
8822
8823
8824
8825
8826
8827
8828
8829
8830
8586
8585
8583
8582
8581
8580
8579
8837
8838
8839
8840
8841
8842
8843
8578
8577
8846
8576
8575
8848
8574
8850
8852
8573
8572
8571
8856
8857
8570
8569
8568
8567
8566
8863
8565
8865
8564
8867
8868
8563
8562
8872
8873
8874
8561
8560
8876
8559
8558
8557
8880
8879
8878
8877
8875
8871
8870
8869
8866
8864
8890
8891
8892
8893
8894
8895
8862
8897
8898
8861
8900
8901
8860
8859
8858
8855
8854
8853
8851
8849
8847
8845
8844
8836
8835
8834
8833
8918
8919
8832
8831
8818
8817
8816
8815
8814
8813
8809
8807
8806
8805
8799
8796
8795
8794
8793
8792
8791
8790
8789
8788
8781
8780
8779
8778
8777
8775
8773
8771
8769
8768
8767
8766
8765
8759
8758
8757
8756
8755
8754
8753
8752
8751
8750
8749
8748
8747
8746
8745
8744
8743
8742
8741
8973
8740
8975
8739
8977
8738
8979
8980
8737
8981
8983
8984
8982
8736
8987
8988
8735
8990
8991
8725
8992
8993
8722
8996
8997
8998
8999
9000
9001
9002
9003
9004
9005
9006
9007
9008
9009
9010
8724
9012
9013
9014
9015
9016
8723
8717
8708
9020
9021
8705
9023
9024
9025
9026
8703
8702
8701
8691
8690
9032
9031
9030
9029
9028
9037
9027
9039
9022
9019
9018
9017
9011
8995
8994
8989
8985
8986
8978
8976
8974
9054
8972
8971
9056
9057
9058
8970
9060
8969
8968
8967
8966
8965
8964
8963
8962
8961
8960
8959
8958
8957
8956
8955
8954
8953
8952
8951
8950
8949
8948
8947
9084
9085
9086
9087
9088
8946
8945
8944
8943
8942
8941
8940
8939
8938
8937
8936
8935
8934
8933
8932
8931
8930
9106
9107
9108
8929
8928
8927
8926
8925
8924
8923
8922
9118
8921
8920
8917
8916
8915
8914
8913
9125
9126
9127
9128
9129
9130
9131
9132
9133
9134
9135
8912
8911
8910
8909
8908
8907
8906
8905
8904
8903
8902
8899
8896
8889
8888
8887
8886
8885
8884
8883
8882
8881
9158
9157
9156
9155
9154
9153
9152
9151
9150
9149
9148
9147
9146
9145
9144
9143
9142
9141
9140
9139
9138
9179
9180
9181
9137
9136
9124
9123
9122
9121
9189
9190
9120
9119
9117
9116
9115
9114
9113
9112
9111
9110
9109
9105
9104
9203
9103
9102
9101
9100
9099
9098
9097
9096
9095
9094
9093
9092
9091
9090
9089
9083
9220
9221
9222
9223
9224
9225
9226
9227
9228
9082
9230
9231
9232
9233
9234
9235
9236
9237
9238
9239
9240
9241
9242
9243
9244
9245
9246
9081
9080
9079
9078
9077
9076
9075
9074
9073
9072
9071
9070
9069
9068
9067
9066
9065
9064
9063
9062
9061
9059
9055
9053
9052
9272
9273
9274
9051
9050
9049
9048
9047
9046
9045
9044
9043
9042
9041
9040
9038
9036
9035
9034
9291
9292
9293
9294
9295
9296
9297
9298
9299
9033
9301
9300
9290
9289
9288
9287
9286
9285
9284
9283
9282
9281
9280
9279
9278
9316
9317
9277
9319
9320
9321
9322
9323
9276
9325
9326
9327
9328
9329
9330
9331
9275
9271
9270
9335
9269
9268
9337
9339
9338
9341
9342
9340
9344
9267
9346
9345
9348
9347
9349
9350
9352
9351
9354
9353
9356
9355
9358
9359
9357
9360
9361
9363
9364
9365
9366
9266
9265
9264
9263
9262
9261
9260
9259
9258
9257
9256
9255
9254
9253
9252
9383
9251
9250
9249
9248
9247
9229
9219
9218
9217
9216
9215
9214
9213
9212
9211
9210
9209
9208
9207
9206
9205
9204
9202
9201
9200
9199
9198
9197
9196
9195
9194
9193
9416
9192
9191
9188
9187
9186
9185
9184
9183
9182
9178
9177
9176
9175
9174
9173
9172
9171
9170
9169
9168
9167
9166
9165
9164
9163
9162
9161
9160
9159
9445
9444
9443
9448
9449
9450
9442
9451
9452
9441
9440
9454
9457
9439
9438
9437
9436
9435
9434
9433
9432
9431
9430
9429
9428
9427
9426
9425
9424
9423
9422
9421
9420
9419
9418
9417
9415
9414
9413
9412
9411
9410
9409
9488
9408
9489
9491
9407
9492
9494
9495
9406
9405
9404
9403
9501
9402
9401
9400
9399
9398
9397
9507
9508
9509
9510
9511
9512
9513
9396
9395
9394
9393
9392
9391
9520
9521
9522
9523
9524
9525
9390
9389
9388
9387
9386
9385
9384
9382
9381
9380
9379
9378
9377
9539
9540
9376
9375
9374
9373
9372
9371
9370
9369
9368
9367
9362
9343
9336
9554
9555
9556
9557
9558
9559
9560
9561
9562
9563
9564
9565
9566
9567
9568
9569
9334
9333
9332
9324
9318
9315
9314
9313
9312
9311
9580
9310
9582
9309
9308
9307
9306
9305
9304
9303
9302
9591
9590
9589
9588
9587
9586
9585
9584
9583
9581
9579
9578
9577
9576
9575
9574
9573
9572
9571
9570
9553
9552
9551
9550
9549
9548
9547
9546
9545
9544
9543
9542
9541
9538
9537
9536
9535
9534
9533
9532
9531
9530
9529
9528
9527
9526
9519
9518
9517
9516
9515
9514
9506
9505
9504
9503
9502
9500
9650
9499
9498
9497
9496
9493
9490
9487
9486
9485
9659
9660
9661
9484
9483
9663
9665
9482
9667
9666
9481
9670
9480
9671
9479
9674
9673
9675
9677
9676
9679
9678
9680
9682
9683
9478
9477
9476
9687
9475
9688
9474
9691
9473
9692
9472
9694
9695
9471
9697
9699
9700
9701
9702
9703
9704
9705
9706
9707
9708
9470
9469
9468
9467
9466
9714
9715
9465
9716
9718
9464
9720
9463
9722
9723
9462
9461
9460
9459
9456
9729
9730
9731
9732
9458
9455
9453
9447
9446
9738
9737
9736
9741
9735
9734
9733
9728
9727
9726
9725
9724
9721
9719
9717
9713
9712
9711
9710
9709
9698
9696
9693
9689
9690
9686
9685
9684
9681
9672
9668
9669
9771
9772
9664
9662
9658
9775
9776
9777
9657
9656
9779
9778
9655
9783
9784
9785
9654
9653
9652
9651
9649
9648
9647
9646
9645
9644
9643
9642
9641
9640
9639
9638
9637
9636
9635
9634
9633
9632
9808
9809
9810
9811
9812
9813
9814
9815
9816
9817
9818
9819
9820
9821
9822
9823
9824
9825
9826
9827
9828
9631
9630
9629
9628
9627
9626
9625
9624
9623
9622
9621
9620
9619
9618
9617
9616
9615
9614
9613
9612
9611
9610
9609
9608
9607
9606
9605
9604
9603
9856
9859
9860
9861
9862
9602
9601
9600
9599
9598
9597
9596
9595
9594
9593
9592
9874
9873
9872
9871
9870
9869
9868
9867
9866
9865
9884
9885
9886
9887
9888
9864
9863
9858
9857
9855
9854
9853
9896
9897
9852
9851
9850
9849
9848
9847
9846
9845
9844
9843
9908
9909
9910
9842
9913
9841
9840
9839
9916
9838
9918
9837
9836
9921
9835
9923
9834
9925
9833
9832
9831
9830
9829
9807
9806
9805
9804
9803
9802
9801
9800
9799
9798
9797
9796
9795
9794
9793
9792
9791
9790
9789
9788
9787
9786
9782
9781
9780
9957
9958
9959
9774
9773
9962
9963
9770
9769
9768
9767
9766
9765
9764
9763
9762
9761
9760
9759
9758
9757
9756
9755
9754
9753
9752
9751
9750
9749
9748
9747
9746
9745
9744
9743
9742
9740
9739
9994
9993
9992
9991
9990
9989
9988
9987
9986
9985
9984
9983
9982
9981
9980
9979
9978
9977
9976
9975
9974
9973
9972
9971
9970
9969
9968
9967
9966
9965
9964
9961
9960
9956
9955
9954
9953
9952
9951
9950
9949
9948
9947
9946
9945
9944
9943
9942
9941
9940
9939
9938
9937
9936
9935
9934
9933
9932
9931
9930
9929
9928
9927
9926
9924
9922
9920
9919
9917
9915
9914
9912
9911
9907
9906
9905
9904
9903
9902
9901
9900
9899
9898
9895
9894
9893
9892
9891
9890
9889
9883
9882
9881
9880
9879
9878
9877
9876
9875
10000
9999
9998
9997
9996
9995
